 Bust chances for each hand (rounded to five decimal places):
 ------------------------------------------------------------

 Hand      | P(17)   | P(18)   | P(19)   | P(20)   | P(21)   | P(bust) | Total
==============================================================================
{  1,  1 } | 0.08295 | 0.16254 | 0.16254 | 0.16254 | 0.16254 | 0.26690 | 0.9999999999999999999999999995
{  1,  2 } | 0.08230 | 0.15621 | 0.15621 | 0.15621 | 0.15621 | 0.29287 | 0.9999999999999999999999999999
{  1,  3 } | 0.08133 | 0.14995 | 0.14995 | 0.14995 | 0.14995 | 0.31887 | 0.9999999999999999999999999997
{  1,  4 } | 0.08007 | 0.14379 | 0.14379 | 0.14379 | 0.14379 | 0.34477 | 0.9999999999999999999999999994
{  1,  5 } | 0.07858 | 0.13775 | 0.13775 | 0.13775 | 0.13775 | 0.37044 | 0.9999999999999999999999999996
{  1,  6 } | 0.34219 | 0.11142 | 0.11142 | 0.11142 | 0.11142 | 0.21211 | 0.9999999999999999999999999996
{  1,  7 } |       0 |       1 |       0 |       0 |       0 |       0 | 1
{  1,  8 } |       0 |       0 |       1 |       0 |       0 |       0 | 1
{  1,  9 } |       0 |       0 |       0 |       1 |       0 |       0 | 1
{  1, 10 } |       0 |       0 |       0 |       0 |       1 |       0 | 1
{  2,  2 } | 0.12241 | 0.12731 | 0.12276 | 0.11785 | 0.11260 | 0.39708 | 0.9999999999999999999999999997
{  2,  3 } | 0.11836 | 0.12291 | 0.11836 | 0.11381 | 0.10891 | 0.41766 | 0.9999999999999999999999999993
{  2,  4 } | 0.11484 | 0.11484 | 0.11484 | 0.11029 | 0.10573 | 0.43947 | 0.9999999999999999999999999996
{  2,  5 } | 0.36857 | 0.13780 | 0.07863 | 0.07863 | 0.07407 | 0.26231 | 0.9999999999999999999999999994
{  2,  6 } | 0.12857 | 0.35934 | 0.12857 | 0.06939 | 0.06939 | 0.24474 | 0.9999999999999999999999999996
{  2,  7 } | 0.12000 | 0.12000 | 0.35076 | 0.12000 | 0.06082 | 0.22843 | 0.9999999999999999999999999996
{  2,  8 } | 0.11142 | 0.11142 | 0.11142 | 0.34219 | 0.11142 | 0.21211 | 0.9999999999999999999999999996
{  2,  9 } | 0.11142 | 0.11142 | 0.11142 | 0.11142 | 0.34219 | 0.21211 | 0.9999999999999999999999999996
{  2, 10 } | 0.10347 | 0.10347 | 0.10347 | 0.10347 | 0.10347 | 0.48267 | 0.9999999999999999999999999995
{  3, 10 } | 0.09608 | 0.09608 | 0.09608 | 0.09608 | 0.09608 | 0.51962 | 0.9999999999999999999999999995
{  4, 10 } | 0.08921 | 0.08921 | 0.08921 | 0.08921 | 0.08921 | 0.55394 | 0.9999999999999999999999999997
{  5, 10 } | 0.08284 | 0.08284 | 0.08284 | 0.08284 | 0.08284 | 0.58580 | 0.9999999999999999999999999999
{  6, 10 } | 0.07692 | 0.07692 | 0.07692 | 0.07692 | 0.07692 | 0.61538 | 0.9999999999999999999999999999
{  7, 10 } |       1 |       0 |       0 |       0 |       0 |       0 | 1
{  8, 10 } |       0 |       1 |       0 |       0 |       0 |       0 | 1
{  9, 10 } |       0 |       0 |       1 |       0 |       0 |       0 | 1
{ 10, 10 } |       0 |       0 |       0 |       1 |       0 |       0 | 1


Weighted probabilities for every upcard (rounded to five decimal places):
-------------------------------------------------------------------------

Graph theoretic probabilities
 Hand      | P(17)   | P(18)   | P(19)   | P(20)   | P(21)   | P(bust) | Total
==============================================================================
{  1,  ? } | 0.05749 | 0.14320 | 0.14320 | 0.14320 | 0.37397 | 0.13892 | 0.9999999999999999999999999997
{  2,  ? } | 0.13013 | 0.13655 | 0.13129 | 0.12567 | 0.11963 | 0.35673 | 0.9999999999999999999999999992
{  3,  ? } | 0.12633 | 0.13196 | 0.12706 | 0.12180 | 0.11617 | 0.37668 | 0.9999999999999999999999999997
{  4,  ? } | 0.12241 | 0.12731 | 0.12276 | 0.11785 | 0.11260 | 0.39708 | 0.9999999999999999999999999995
{  5,  ? } | 0.11836 | 0.12291 | 0.11836 | 0.11381 | 0.10891 | 0.41766 | 0.9999999999999999999999999993
{  6,  ? } | 0.11484 | 0.11484 | 0.11484 | 0.11029 | 0.10573 | 0.43947 | 0.9999999999999999999999999994
{  7,  ? } | 0.36857 | 0.13780 | 0.07863 | 0.07863 | 0.07407 | 0.26231 | 0.9999999999999999999999999993
{  8,  ? } | 0.12857 | 0.35934 | 0.12857 | 0.06939 | 0.06939 | 0.24474 | 0.9999999999999999999999999995
{  9,  ? } | 0.12000 | 0.12000 | 0.35076 | 0.12000 | 0.06082 | 0.22843 | 0.9999999999999999999999999995
{ 10,  ? } | 0.11142 | 0.11142 | 0.11142 | 0.34219 | 0.11142 | 0.21211 | 0.9999999999999999999999999995

Stochastic probabilities (2147483647 repetitions):
 Hand      | P(17)   | P(18)   | P(19)   | P(20)   | P(21)   | P(bust) | Total
==============================================================================
{  1,  ? } | 0.05750 | 0.14320 | 0.14316 | 0.14319 | 0.37399 | 0.13896 | 1.0000000000000000000000000000
{  2,  ? } | 0.13016 | 0.13650 | 0.13135 | 0.12566 | 0.11960 | 0.35674 | 1.0000000000000000000000000001
{  3,  ? } | 0.12633 | 0.13198 | 0.12706 | 0.12178 | 0.11616 | 0.37668 | 1.0000000000000000000000000000
{  4,  ? } | 0.12240 | 0.12730 | 0.12279 | 0.11783 | 0.11260 | 0.39707 | 0.9999999999999999999999999999
{  5,  ? } | 0.11837 | 0.12283 | 0.11835 | 0.11382 | 0.10891 | 0.41772 | 1.0000000000000000000000000000
{  6,  ? } | 0.11483 | 0.11489 | 0.11484 | 0.11023 | 0.10572 | 0.43949 | 1.0000000000000000000000000000
{  7,  ? } | 0.36858 | 0.13781 | 0.07862 | 0.07862 | 0.07408 | 0.26229 | 1.0000000000000000000000000000
{  8,  ? } | 0.12860 | 0.35925 | 0.12856 | 0.06943 | 0.06940 | 0.24477 | 0.9999999999999999999999999999
{  9,  ? } | 0.12000 | 0.12001 | 0.35077 | 0.12000 | 0.06085 | 0.22836 | 1.0000000000000000000000000000
{ 10,  ? } | 0.11143 | 0.11143 | 0.11143 | 0.34216 | 0.11144 | 0.21211 | 1.0000000000000000000000000000